      0/99     5.41G    0.1058   0.02604         0    0.1319         2       640  0.007192    0.1389  0.002059 0.0003108   0.05904   0.02056         0
      1/99     5.49G   0.09331   0.02671         0      0.12         1       640   0.06946   0.02778  0.007617  0.001317   0.05057   0.01912         0
      2/99     5.49G   0.08187   0.02635         0    0.1082         1       640   0.06998    0.3611   0.04491  0.007874   0.04569     0.018         0
      3/99     5.49G   0.07846   0.02692         0    0.1054         3       640    0.1266    0.3611   0.09579   0.02108   0.04388   0.01635         0
      4/99     5.49G   0.06793   0.02465         0   0.09258         2       640    0.8537    0.3333     0.423    0.1132   0.03807   0.01554         0
      5/99     5.49G   0.06377   0.02474         0   0.08851         2       640    0.7085      0.75    0.6775    0.2315     0.034   0.01433         0
      6/99     5.49G   0.06043     0.023         0   0.08343         3       640    0.5801       0.5    0.5582    0.1475   0.03948   0.01178         0
      7/99     5.49G   0.05906   0.02159         0   0.08065         3       640    0.4384    0.7222    0.4266   0.09696   0.04072   0.01008         0
      8/99     5.49G   0.05753   0.01941         0   0.07694         1       640    0.7173    0.7778    0.7193    0.2401   0.03481  0.009432         0
      9/99     5.49G   0.05392   0.01974         0   0.07366         4       640    0.6008    0.6389     0.572    0.1634   0.04092   0.00864         0
     10/99     5.49G   0.05454   0.01866         0    0.0732         2       640    0.8645    0.8889    0.9096    0.4336   0.02597  0.008163         0
     11/99     5.49G   0.04892   0.01744         0   0.06636         3       640    0.7962    0.7778    0.8565    0.2904   0.03626  0.007419         0
     12/99     5.49G   0.04972   0.01545         0   0.06517         1       640    0.9444    0.9443    0.9738    0.3986   0.02558   0.00712         0
     13/99     5.49G   0.04648   0.01634         0   0.06283         2       640    0.9998    0.8889    0.9745    0.4613   0.02552  0.006548         0
     14/99     5.49G   0.05161   0.01567         0   0.06729         3       640    0.8282    0.8034    0.8821    0.3628   0.02959  0.006637         0
     15/99     5.49G    0.0478   0.01512         0   0.06292         2       640    0.9684    0.8889    0.9562     0.342   0.03022  0.006159         0
     16/99     5.49G   0.04599   0.01468         0   0.06067         3       640    0.9697    0.8886    0.9649    0.4128   0.03036  0.005927         0
     17/99     5.49G   0.04396   0.01473         0   0.05869         4       640    0.8607    0.8611    0.8959    0.3575   0.03651  0.005528         0
     18/99     5.49G   0.04444   0.01311         0   0.05755         1       640    0.9428    0.9167     0.926    0.4812   0.02591  0.005418         0
     19/99     5.49G   0.04761   0.01343         0   0.06104         4       640    0.8684    0.9166    0.9249    0.4642   0.02311  0.005605         0
     20/99     5.49G   0.04547   0.01337         0   0.05884         1       640         1    0.9722    0.9922    0.4951   0.02569  0.005227         0
     21/99     5.49G   0.04784   0.01271         0   0.06055         4       640    0.9714    0.9443    0.9514    0.5191   0.02634  0.005355         0
     22/99     5.49G   0.04445   0.01255         0     0.057         1       640    0.9721    0.9722    0.9831    0.4544   0.02497  0.005091         0
     23/99     5.49G   0.04045   0.01204         0   0.05249         1       640    0.9431    0.9444    0.9622    0.3617   0.02471  0.004847         0
     24/99     5.49G   0.04058   0.01188         0   0.05246         2       640         1     0.944     0.976    0.3743   0.02789  0.004801         0
     25/99     5.49G   0.04724   0.01158         0   0.05882         1       640    0.9428     0.916    0.9483    0.4483   0.02622  0.005359         0
     26/99     5.49G   0.04223   0.01148         0   0.05371         2       640     0.834    0.7222    0.7486    0.2481   0.04023   0.00474         0
     27/99     5.49G   0.04424    0.0119         0   0.05614         1       640    0.9999    0.9444    0.9807    0.4391   0.02544  0.004822         0
     28/99     5.49G   0.03724   0.01075         0   0.04799         1       640    0.9961    0.9167    0.9792    0.5477   0.02389  0.004691         0
     29/99     5.49G    0.0409   0.01113         0   0.05202         1       640    0.9457    0.9722    0.9802    0.5632    0.0231  0.004687         0
     30/99     5.49G   0.04585   0.01052         0   0.05638         1       640         1    0.9722    0.9931    0.4717   0.02234  0.004939         0
     31/99     5.49G   0.04603   0.01185         0   0.05788         2       640    0.8974    0.9718    0.9508    0.4786   0.02556  0.004574         0
     32/99     5.49G   0.03875   0.01152         0   0.05027         4       640         1         1    0.9951    0.4286   0.02462  0.004405         0
     33/99     5.49G    0.0378  0.009956         0   0.04776         0       640    0.8919    0.9165    0.9256     0.431   0.02988  0.004253         0
     34/99     5.49G    0.0396   0.01102         0   0.05062         1       640         1    0.9721    0.9941    0.4566   0.02297   0.00408         0
     35/99     5.49G   0.04487    0.0107         0   0.05557         1       640    0.8716    0.9444    0.9293    0.3822   0.02994  0.004071         0
     36/99     5.49G   0.04044  0.009605         0   0.05005         1       640     0.875     0.972    0.9758    0.4826   0.02459  0.004151         0
     37/99     5.49G   0.04228   0.01075         0   0.05303         3       640    0.8594    0.9167    0.9215    0.4721   0.03255  0.004121         0
     38/99     5.49G   0.03604   0.01124         0   0.04729         2       640    0.8886    0.8889    0.8767     0.345   0.03014  0.004027         0
     39/99     5.49G   0.03672   0.01001         0   0.04673         2       640    0.6428    0.7499     0.739    0.2831   0.03482  0.004144         0
     40/99     5.49G   0.04215   0.01012         0   0.05227         2       640         1    0.9722    0.9912     0.502   0.02424  0.004186         0
     41/99     5.49G   0.03461   0.01071         0   0.04532         4       640    0.8285    0.8056    0.8009    0.2575   0.03179  0.004245         0
     42/99     5.49G   0.03533   0.01012         0   0.04545         1       640    0.9085    0.8333    0.8995    0.3254   0.03383  0.004188         0
     43/99     5.49G   0.03736   0.00949         0   0.04685         2       640    0.9714    0.9444    0.9534    0.2916   0.02792  0.004182         0
     44/99     5.49G   0.03476   0.01027         0   0.04504         1       640     0.973    0.9999     0.994      0.47   0.02417  0.003983         0
     45/99     5.49G   0.03318  0.009248         0   0.04243         1       640    0.9713    0.9444    0.9547    0.3545   0.03185  0.003896         0
     46/99     5.49G   0.02933  0.008877         0    0.0382         1       640         1    0.9722      0.99     0.491     0.028  0.003919         0
     47/99     5.49G   0.03099  0.009935         0   0.04093         2       640         1    0.9722    0.9751    0.4989   0.02333  0.003985         0
     48/99     5.49G   0.03622   0.00931         0   0.04553         3       640    0.9714    0.9444    0.9424    0.3505   0.02906  0.004054         0
     49/99     5.49G   0.03406  0.009677         0   0.04374         2       640    0.9999    0.9722    0.9833    0.4743   0.02462  0.004014         0
     50/99     5.49G   0.03139   0.00899         0   0.04038         2       640         1    0.9722    0.9752     0.424   0.02649  0.004004         0
     51/99     5.49G   0.02968  0.008691         0   0.03837         1       640         1    0.9722    0.9752    0.4332   0.02768  0.004014         0
     52/99     5.49G   0.02785  0.008625         0   0.03647         2       640    0.9714    0.9444    0.9273    0.3583   0.02989  0.004085         0
     53/99     5.49G   0.03039  0.008549         0   0.03894         2       640         1    0.9722    0.9752    0.4839   0.02254  0.004245         0
     54/99     5.49G   0.02761  0.008603         0   0.03622         1       640         1    0.9722    0.9752    0.4551   0.02554  0.004207         0
     55/99     5.49G   0.02538  0.008396         0   0.03378         1       640         1    0.9722    0.9752    0.4559   0.02457  0.004177         0
     56/99     5.49G   0.03013  0.008257         0   0.03839         2       640    0.8571    0.8333    0.8427    0.2932   0.03376  0.004425         0
     57/99     5.49G   0.02886  0.009031         0   0.03789         4       640    0.9722    0.9722    0.9744     0.516   0.02261  0.004294         0
     58/99     5.49G   0.02845  0.008667         0   0.03712         1       640    0.9722    0.9722    0.9782    0.5111    0.0229  0.004372         0
     59/99     5.49G   0.02744  0.008572         0   0.03601         2       640    0.9722    0.9722    0.9744    0.4099    0.0256  0.004522         0
     60/99     5.49G   0.02583  0.007981         0   0.03381         1       640    0.9722    0.9722    0.9872    0.4762   0.02366  0.004353         0
     61/99     5.49G   0.02407  0.008105         0   0.03218         1       640         1    0.9722    0.9895    0.3733   0.02808  0.004397         0
     62/99     5.49G   0.02569  0.007821         0   0.03351         2       640         1    0.9721    0.9886    0.4991   0.02236  0.004154         0
     63/99     5.49G   0.02605  0.007665         0   0.03372         3       640    0.9714    0.9444    0.9677    0.3658    0.0264  0.004518         0
     64/99     5.49G    0.0238  0.008098         0    0.0319         4       640    0.9714    0.9444    0.9643    0.3639    0.0286  0.004434         0
     65/99     5.49G   0.02434  0.008077         0   0.03241         2       640         1    0.9722    0.9753    0.5033   0.02129  0.004248         0
     66/99     5.49G   0.02437  0.008499         0   0.03287         4       640    0.9714    0.9444    0.9634    0.4402   0.02748  0.004412         0
     67/99     5.49G   0.02316  0.007789         0   0.03095         3       640         1    0.9722    0.9753    0.4896   0.02327  0.004308         0
     68/99     5.49G   0.02298  0.008227         0   0.03121         4       640         1    0.9722    0.9753    0.4757   0.02594  0.004208         0
     69/99     5.49G   0.02144  0.007811         0   0.02925         1       640    0.9705    0.9167    0.9275    0.3944   0.02857  0.004254         0
     70/99     5.49G   0.02178  0.007799         0   0.02958         4       640      0.97    0.9167     0.924     0.398   0.02644  0.004305         0
     71/99     5.49G   0.02074  0.007128         0   0.02787         1       640    0.9714    0.9444    0.9663    0.4548   0.02519  0.004212         0
     72/99     5.49G   0.02236  0.006888         0   0.02924         2       640         1    0.9722    0.9855    0.5243   0.02271   0.00408         0
     73/99     5.49G   0.01971  0.007593         0    0.0273         3       640         1    0.9722    0.9889    0.4717   0.02577   0.00417         0
     74/99     5.49G   0.01952    0.0076         0   0.02712         3       640         1    0.9722    0.9919    0.4884   0.02367  0.004129         0
     75/99     5.49G    0.0197  0.007092         0    0.0268         2       640         1    0.9722    0.9916    0.4868   0.02404  0.004068         0
     76/99     5.49G   0.01999  0.006713         0   0.02671         1       640         1    0.9722    0.9889    0.5106   0.02306  0.004121         0
     77/99     5.49G   0.01872  0.006449         0   0.02517         1       640    0.9714    0.9444    0.9774    0.4575   0.02725    0.0042         0
     78/99     5.49G   0.01844  0.007341         0   0.02578         1       640         1    0.9722    0.9903    0.4872   0.02473  0.004095         0
     79/99     5.49G    0.0184    0.0068         0    0.0252         1       640         1    0.9722     0.988    0.5405   0.02078  0.004019         0
     80/99     5.49G   0.01972  0.006602         0   0.02632         3       640         1    0.9722    0.9754    0.4863   0.02262  0.004165         0
     81/99     5.49G   0.01866  0.006491         0   0.02515         3       640         1    0.9722    0.9754    0.4683   0.02528  0.004253         0
     82/99     5.49G   0.01844  0.007031         0   0.02547         3       640    0.9143    0.8889    0.9112    0.4111   0.02779  0.004402         0
     83/99     5.49G   0.01952  0.006393         0   0.02591         2       640    0.9714    0.9444    0.9664    0.4385   0.02545  0.004463         0
     84/99     5.49G   0.01851  0.006667         0   0.02518         3       640         1    0.9722    0.9754    0.4777    0.0234  0.004391         0
     85/99     5.49G   0.01721  0.005668         0   0.02288         1       640         1    0.9722    0.9838    0.4694   0.02488  0.004335         0
     86/99     5.49G   0.01744  0.006676         0   0.02411         1       640    0.9428    0.9167    0.9371    0.4641   0.02565  0.004207         0
     87/99     5.49G   0.01617  0.005901         0   0.02207         1       640         1    0.9722     0.992    0.4925   0.02347  0.004047         0
     88/99     5.49G   0.01722  0.006324         0   0.02354         1       640         1    0.9722    0.9907    0.4491   0.02631  0.004107         0
     89/99     5.49G   0.01702  0.005836         0   0.02285         1       640         1    0.9722    0.9908    0.4459   0.02534  0.004118         0
     90/99     5.49G   0.01645  0.006017         0   0.02247         1       640         1    0.9722    0.9911     0.509   0.02326  0.004016         0
     91/99     5.49G   0.01627  0.005736         0     0.022         2       640         1         1    0.9962    0.4918   0.02369  0.003943         0
     92/99     5.49G   0.01624   0.00644         0   0.02268         1       640         1         1    0.9962    0.4724   0.02556     0.004         0
     93/99     5.49G   0.01592  0.005941         0   0.02186         1       640         1    0.9722    0.9907    0.4886   0.02395  0.004029         0
     94/99     5.49G   0.01544  0.005841         0   0.02128         1       640         1    0.9722    0.9907     0.492   0.02401  0.004089         0
     95/99     5.49G   0.01672  0.006519         0   0.02324         4       640         1    0.9722    0.9906    0.4993   0.02354  0.004149         0
     96/99     5.49G   0.01532  0.005914         0   0.02123         2       640         1    0.9722    0.9912    0.5001    0.0239  0.004143         0
     97/99     5.49G   0.01638  0.005889         0   0.02227         4       640         1    0.9722    0.9901    0.4563   0.02615  0.004324         0
     98/99     5.49G   0.01525  0.005697         0   0.02095         1       640         1    0.9722    0.9884    0.4921   0.02443  0.004314         0
     99/99     5.49G   0.01673    0.0064         0   0.02313         2       640         1    0.9722    0.9876    0.4841   0.02459  0.004304         0
